0, 282 1, 295 2, 225 3, 6726 4, 7724 5, 7056 6, 10394 7, 10125 8, 13785 9,
    13805 10, 16911 11, 17180 12, 16465 13, 16392 14, 20288 15, 21172 16,
    19867 17, 20569 18, 23429 19, 23177 20, 23256 21, 22647 22, 26079 23,
    26385 24, 23317 25, 22759 26, 29364 27, 29571 28, 26084 29, 25731 30,
    29509 31, 29343 32, 25830 33, 49189 34, 32338 35, 32234 36, 29483 37,
    22455 38, 21666 39, 21436 40, 19770 41, 19312 42, 28204 43, 23625 44,
    21547 45, 26065 46, 24018 47, 23899 48, 19498 49, 20157 50, 26553 51,
    27502 52, 24312 53, 24404 54, 26360 55, 26579 56, 22807 57, 22807 58,
    26646 59, 28767 60, 24144 61, 24324 62, 25970 63, 26028 64, 22105 65,
    21758 66, 28540 67, 28276 68, 25963 69, 25974 70, 28118 71, 28164 72,
    23763 73, 23761 74, 28210 75, 28026 76, 25895 77, 25815 78, 27970 79,
    27890 80, 23748 81, 23675 82, 30203 83, 29954 84, 28072 85, 27895 86,
    30147 87, 30052 88, 25812 89, 25766 90, 30100 91, 29991 92, 27965 93,
    27846 94, 29977 95, 29987 96, 23726 97, 23608 98, 32366 99, 32251 100,
    30147 101, 30054 102, 32362 103, 32587 104, 28672 105, 27850 106, 32659 107,
    32282 108, 30176 109, 30143 110, 32179 111, 31888 112, 25666 113, 25661 114,
    32243 115, 32235 116, 30142 117, 30116 118, 32127 119, 40521 120, 27938 121,
    27672 122, 32196 123, 32242 124, 30069 125, 30085 126, 31879 127, 32176 128,
    25799 129, 25786 130, 34569 131, 34284 132, 32209 133, 32234 134, 34446 135,
    34531 136, 30233 137, 32515 138, 34047 139, 33941 140, 32062 141, 31950 142,
    34215 143, 34317 144, 27996 145, 27651 146, 34250 147, 34312 148, 32213 149,
    32112 150, 34347 151, 34301 152, 30096 153, 29991 154, 34194 155, 58735 156,
    42789 157, 42793 158, 45531 159, 45501 160, 37219 161, 36792 162, 49136 163,
    48517 164, 45975 165, 45759 166, 48521 167, 48748 168, 43035 169, 42840 170,
    48494 171, 48485 172, 45927 173, 46366 174, 69366 175, 48371 176, 40083 177,
    40490 178, 49976 179, 49772 180, 49583 181, 46622 182, 49474 183, 50858 184,
    44033 185, 45222 186, 50821 187, 51974 188, 53079 189, 48709 190, 50889 191,
    50828 192, 37239 193, 38344 194, 53798 195, 51564 196, 50122 197, 48573 198,
    51755 199, 52506 200, 45971 201, 45867 202, 51584 203, 51621 204, 50624 205,
    48527 206, 73509 207, 51177 208, 44163 209, 42835 210, 52822 211, 51467 212,
    49001 213, 48439 214, 51186 215, 51091 216, 45744 217, 45968 218, 51733 219,
    51416 220, 48777 221, 48473 222, 51489 223, 51611 224, 41030 225, 39913 226,
    51786 227, 52177 228, 49522 229, 50117 230, 52073 231, 53603 232, 46969 233,
    47071 234, 53840 235, 53549 236, 49479 237, 49121 238, 54340 239, 64301 240,
    43974 241, 44870 242, 52462 243, 52451 244, 49704 245, 50086 246, 52200 247,
    51469 248, 47901 249, 46703 250, 53054 251, 51968 252, 48804 253, 48556 254,
    53969 255, 54428 256, 43926 257, 44779 258, 58558 259, 59475 260, 56442 261,
    55842 262, 56448 263, 55227 264, 51019 265, 48620 266, 54536 267, 54431 268,
    51728 269, 51931 270, 65797 271, 54442 272, 45847 273, 45750 274, 54904 275,
    55005 276, 51631 277, 51911 278, 55449 279, 54191 280, 48742 281, 48840 282,
    54372 283, 54086 284, 51714 285, 51316 286, 54290 287, 53902 288, 42815 289,
    42681 290, 54580 291, 54324 292, 52399 293, 51746 294, 54270 295, 54428 296,
    48817 297, 48590 298, 54234 299, 54352 300, 51609
