0, 143
1, 3200
2, 3738
3, 3530
4, 5081
5, 5124
6, 5091
7, 5116
8, 6680
9, 6726
10, 6719
11, 6769
12, 6725
13, 6742
14, 6747
15, 6768
16, 8330
17, 8372
18, 8371
19, 8375
20, 8354
21, 8420
22, 8370
23, 8413
24, 8392
25, 8367
26, 8419
27, 8410
28, 8370
29, 8423
30, 8421
31, 8425
32, 9968
33, 9990
34, 9976
35, 10021
36, 9997
37, 9996
38, 10000
39, 10041
40, 10010
41, 9992
42, 10032
43, 10058
44, 10099
45, 10027
46, 10046
47, 10066
48, 9965
49, 10019
50, 10033
51, 10024
52, 9999
53, 10042
54, 10031
55, 10040
56, 10038
57, 10058
58, 10035
59, 10035
60, 10042
61, 10055
62, 10053
63, 10066
64, 11560
65, 11580
66, 11583
67, 11627
68, 11610
69, 11695
70, 11615
71, 11646
72, 11624
73, 11652
74, 11614
75, 11690
76, 11662
77, 11664
78, 11682
79, 11667
80, 11638
81, 11667
82, 11628
83, 11642
84, 11657
85, 11670
86, 11669
87, 11671
88, 11650
89, 11710
90, 11658
91, 11680
92, 11649
93, 11685
94, 11714
95, 11778
96, 11571
97, 11626
98, 11635
99, 11683
100, 11658
101, 11673
102, 11686
103, 11706
104, 11598
105, 11648
106, 11665
107, 11694
108, 11686
109, 11660
110, 11695
111, 11703
112, 11640
113, 11638
114, 11716
115, 11713
116, 11632
117, 11696
118, 11698
119, 11711
120, 11673
121, 11654
122, 11704
123, 11747
124, 11657
125, 11696
126, 11689
127, 11747
128, 13168
129, 13195
130, 13207
131, 13284
132, 13266
133, 13261
134, 13242
135, 13240
136, 13247
137, 13286
138, 13293
139, 13289
140, 13289
141, 13339
142, 13263
143, 13299
144, 13250
145, 13219
146, 13236
147, 13258
148, 13279
149, 13287
150, 13313
151, 13337
152, 13264
153, 13319
154, 13320
155, 13312
156, 13283
157, 13341
158, 13323
159, 13341
160, 13245
161, 13226
162, 13321
163, 13246
164, 13267
165, 13321
166, 13301
167, 13329
168, 13282
169, 13273
170, 13308
171, 13314
172, 13306
173, 13297
174, 13270
175, 13324
176, 13300
177, 13315
178, 13322
179, 13306
180, 13264
181, 13322
182, 13319
183, 13435
184, 13278
185, 13311
186, 13266
187, 13311
188, 13305
189, 13367
190, 13349
191, 13344
192, 13437
193, 13353
194, 13316
195, 13386
196, 13237
197, 13261
198, 13308
199, 13390
200, 13288
201, 13322
202, 13285
203, 13328
204, 13329
205, 13366
206, 13300
207, 13368
208, 13272
209, 13297
210, 13349
211, 13353
212, 13305
213, 13309
214, 13320
215, 13369
216, 13281
217, 13363
218, 13304
219, 13329
220, 13364
221, 13422
222, 13423
223, 13334
224, 13295
225, 13316
226, 13328
227, 13362
228, 13364
229, 13377
230, 13346
231, 13343
232, 13326
233, 13367
234, 13360
235, 13339
236, 13352
237, 13373
238, 13357
239, 13383
240, 13268
241, 13298
242, 13308
243, 13325
244, 13306
245, 13330
246, 13321
247, 13390
248, 13348
249, 13354
250, 13335
251, 13345
252, 13319
253, 13367
254, 13382
255, 13403
256, 14887
257, 14840
258, 14868
259, 15009
260, 14888
261, 14910
262, 14907
263, 14911
264, 14839
265, 14868
266, 14897
267, 14912
268, 14923
269, 14967
270, 14924
271, 14953
272, 14867
273, 14907
274, 14906
275, 14889
276, 14907
277, 14930
278, 15163
279, 15132
280, 14997
281, 14941
282, 15043
283, 15004
284, 15181
285, 15110
286, 15172
287, 15035
288, 14909
289, 14919
290, 15028
291, 14995
292, 14981
293, 15014
294, 15109
295, 15068
296, 15045
297, 15008
298, 15040
299, 15010
300, 14927
301, 14975
302, 15022
303, 15029
304, 14969
305, 14973
306, 15052
307, 15049
308, 15009
309, 15064
310, 15107
311, 15078
312, 15035
313, 15031
314, 18655
315, 15032
316, 15025
317, 15065
318, 14962
319, 15051
320, 14888
321, 14933
322, 14967
323, 14984
324, 15013
325, 15001
326, 14981
327, 14993
328, 15043
329, 14976
330, 14999
331, 14990
332, 15052
333, 15047
334, 15003
335, 15006
336, 14927
337, 14968
338, 15057
339, 15088
340, 14952
341, 14980
342, 15034
343, 15069
344, 15065
345, 15108
346, 15019
347, 15018
348, 15057
349, 15099
350, 15025
351, 15078
352, 15047
353, 15014
354, 15023
355, 15016
356, 14938
357, 15038
358, 14997
359, 15108
360, 15117
361, 15105
362, 15086
363, 15054
364, 14968
365, 15008
366, 15084
367, 15095
368, 15036
369, 15027
370, 15217
371, 15120
372, 15086
373, 15026
374, 15215
375, 15209
376, 15204
377, 15134
378, 15285
379, 15118
380, 15154
381, 15058
382, 15149
383, 15118
384, 15325
385, 15122
386, 15164
387, 15182
388, 15180
389, 15125
390, 15141
391, 15084
392, 15053
393, 15018
394, 15175
395, 15147
396, 15170
397, 15160
398, 15212
399, 15134
400, 15094
401, 15058
402, 14966
403, 15000
404, 15019
405, 14973
406, 15090
407, 15077
408, 15147
409, 15099
410, 15081
411, 15056
412, 15063
413, 15017
414, 14995
415, 15003
416, 14933
417, 14926
418, 15101
419, 15142
420, 15112
421, 15070
422, 15109
423, 15079
424, 15056
425, 15025
426, 15063
427, 15108
428, 14939
429, 14970
430, 15045
431, 15067
432, 15063
433, 15064
434, 15032
435, 15071
436, 15017
437, 15042
438, 15050
439, 15030
440, 15223
441, 15215
442, 15256
443, 15155
444, 15093
445, 15095
446, 15084
447, 15093
448, 15108
449, 15002
450, 15023
451, 15042
452, 15199
453, 15187
454, 15235
455, 15142
456, 19548
457, 15127
458, 15177
459, 15096
460, 15088
461, 15109
462, 15358
463, 15167
464, 15294
465, 15129
466, 15293
467, 15090
468, 15157
469, 15221
470, 15224
471, 15124
472, 15218
473, 15146
474, 15264
475, 15194
476, 15255
477, 15194
478, 15294
479, 15220
480, 15136
481, 15101
482, 15256
483, 15048
484, 15048
485, 15050
486, 15210
487, 15114
488, 15395
489, 15187
490, 15231
491, 15102
492, 15048
493, 15063
494, 15224
495, 15162
496, 15129
497, 15110
498, 15228
499, 15078
500, 15168
