0, 295 1, 237 2, 204 3, 15921 4, 25316 5, 24506 6, 36803 7, 34307 8, 48852 9,
    45513 10, 61101 11, 56571 12, 56900 13, 56895 14, 72966 15, 72669 16,
    68103 17, 72771 18, 85315 19, 84917 20, 85678 21, 86535 22, 98547 23,
    98559 24, 85109 25, 85403 26, 111244 27, 112567 28, 97097 29, 97013 30,
    109057 31, 108674 32, 72491 33, 67818 34, 91661 35, 90925 36, 76598 37,
    81707 38, 91126 39, 97641 40, 83445 41, 82472 42, 100362 43, 93224 44,
    90795 45, 90529 46, 99793 47, 100125 48, 81595 49, 82235 50, 108908 51,
    109134 52, 100436 53, 100410 54, 108954 55, 102227 56, 93779 57, 93410 58,
    106853 59, 103438 60, 101050 61, 102020 62, 111227 63, 112693 64, 93292 65,
    93763 66, 124059 67, 111926 68, 111118 69, 103909 70, 94471 71, 94245 72,
    86693 73, 79756 74, 94357 75, 94242 76, 81452 77, 81744 78, 95054 79,
    94311 80, 79852 81, 80158 82, 101811 83, 95454 84, 95211 85, 94229 86,
    95441 87, 101981 88, 87513 89, 88007 90, 102148 91, 98698 92, 94757 93,
    94488 94, 95939 95, 102559 96, 80162 97, 74946 98, 102025 99, 110001 100,
    101645 101, 95987 102, 109120 103, 108877 104, 88691 105, 104306 106,
    110721 107, 110835 108, 103444 109, 103438 110, 109631 111, 111279 112,
    88187 113, 88419 114, 102409 115, 109053 116, 103082 117, 101803 118,
    109382 119, 109639 120, 95188 121, 95460 122, 108740 123, 108558 124,
    105960 125, 105080 126, 114979 127, 114619 128, 93619 129, 91844 130,
    121825 131, 121763 132, 109635 133, 108751 134, 120125 135, 115890 136,
    101478 137, 94834 138, 115946 139, 115861 140, 101419 141, 101644 142,
    115911 143, 115780 144, 94221 145, 88064 146, 130267 147, 96621 148,
    84738 149, 84740 150, 96630 151, 96430 152, 79009 153, 84503 154, 96493 155,
    96502 156, 90545 157, 90469 158, 96507 159, 96440 160, 73415 161, 78385 162,
    102596 163, 102503 164, 96589 165, 96540 166, 102655 167, 104313 168,
    90644 169, 90503 170, 95883 171, 102733 172, 96611 173, 90337 174,
    103316 175, 95757 176, 84789 177, 84752 178, 102890 179, 102915 180,
    96797 181, 96525 182, 102530 183, 102540 184, 90496 185, 90416 186,
    102613 187, 95705 188, 90249 189, 105468 190, 87848 191, 87775 192,
    62859 193, 67280 194, 93122 195, 93173 196, 87986 197, 87922 198, 93145 199,
    87018 200, 77377 201, 82742 202, 95726 203, 87036 204, 88027 205, 88461 206,
    93258 207, 93332 208, 77864 209, 77807 210, 93278 211, 93544 212, 88478 213,
    82098 214, 87405 215, 93733 216, 83673 217, 79252 218, 95137 219,
    103185 220, 89175 221, 89233 222, 88355 223, 94433 224, 74164 225,
    68588 226, 94050 227, 95337 228, 89716 229, 88937 230, 93963 231, 92979 232,
    82724 233, 82859 234, 93066 235, 105122 236, 76933 237, 76876 238,
    76125 239, 86736 240, 67912 241, 67786 242, 81430 243, 81367 244, 76962 245,
    76906 246, 81359 247, 81393 248, 72369 249, 72317 250, 76106 251, 81458 252,
    76878 253, 76892 254, 81396 255, 81415 256, 63367 257, 63290 258, 86007 259,
    85928 260, 81415 261, 76156 262, 86292 263, 80308 264, 77028 265, 76908 266,
    80324 267, 85935 268, 76028 269, 76035 270, 86062 271, 85980 272, 72382 273,
    72592 274, 80362 275, 85895 276, 81624 277, 81509 278, 85991 279, 85933 280,
    71933 281, 79292 282, 86022 283, 85943 284, 81350 285, 75994 286, 86368 287,
    93712 288, 56521 289, 60370 290, 76623 291, 76468 292, 72370 293, 72378 294,
    76420 295, 76332 296, 63960 297, 68381 298, 71406 299, 76582 300, 72445 301,
    72348 302, 76383 303, 76334 304, 60431 305, 64574 306, 76554 307, 76437 308,
    72547 309, 72688 310, 71520 311, 76566 312, 68477 313, 68414 314, 76627 315,
    76774 316, 72427 317, 72360 318, 76398 319, 76414 320, 60357 321, 60387 322,
    80483 323, 80753 324, 76910 325, 78705 326, 83064 327, 75548 328, 73312 329,
    73155 330, 81222 331, 80930 332, 76903 333, 76793 334, 80563 335, 80497 336,
    68448 337, 68790 338, 80653 339, 80423 340, 76608 341, 76413 342, 80418 343,
    91844 344, 68616 345, 68564 346, 76424 347, 76755 348, 72937 349, 73166 350,
    76786 351, 76325 352, 57141 353, 61574 354, 76254 355, 76249 356, 72745 357,
    68256 358, 76418 359, 76298 360, 64099 361, 68630 362, 72472 363, 76183 364,
    72412 365, 67803 366, 76288 367, 77617 368, 65853 369, 66255 370, 87168 371,
    78192 372, 75080 373, 74795 374, 77595 375, 77880 376, 69569 377, 69363 378,
    76380 379, 76244 380, 72396 381, 72481 382, 76615 383, 76418 384, 57258 385,
    57311 386, 80421 387, 80305 388, 77309 389, 77988 390, 80382 391, 75672 392,
    74974 393, 72767 394, 81128 395, 80859 396, 77016 397, 76695 398, 80807 399,
    81578 400, 70936 401, 70382 402, 81337 403, 80249 404, 71380 405, 76222 406,
    79999 407, 79926 408, 72458 409, 72367 410, 86699 411, 79954 412, 76222 413,
    71175 414, 80044 415, 79937 416, 64752 417, 64741 418, 80221 419, 80104 420,
    76450 421, 76286 422, 74808 423, 79997 424, 72354 425, 72340 426, 80196 427,
    80025 428, 76191 429, 76205 430, 80061 431, 79947 432, 68569 433, 64085 434,
    80053 435, 80029 436, 76288 437, 76144 438, 80007 439, 80216 440, 72401 441,
    72443 442, 80173 443, 80145 444, 76191 445, 76337 446, 74867 447, 80011 448,
    57266 449, 61191 450, 80415 451, 80013 452, 76421 453, 76118 454, 87614 455,
    79941 456, 67874 457, 72461 458, 80099 459, 74728 460, 76298 461, 71146 462,
    80067 463, 74671 464, 68773 465, 68697 466, 74770 467, 79931 468, 71036 469,
    76252 470, 74637 471, 74702 472, 72348 473, 67786 474, 80006 475, 79977 476,
    76167 477, 76187 478, 79949 479, 74766 480, 64848 481, 64724 482, 80017 483,
    74636 484, 76182 485, 71116 486, 80017 487, 74707 488, 72385 489, 72330 490,
    79982 491, 74679 492, 76150 493, 71050 494, 74751 495, 79998 496, 68534 497,
    68537 498, 79915 499, 78219 500, 76262
