0, 45
1, 51
2, 48
3, 919
4, 591
5, 476
6, 663
7, 674
8, 832
9, 783
10, 1026
11, 1009
12, 992
13, 947
14, 1118
15, 1101
16, 1110
17, 1100
18, 1305
19, 1300
20, 1288
21, 1295
22, 1465
23, 1418
24, 1308
25, 1269
26, 1658
27, 1646
28, 1418
29, 1424
30, 1607
31, 1634
32, 1450
33, 1437
34, 1853
35, 1803
36, 1605
37, 1589
38, 1812
39, 1774
40, 1619
41, 1576
42, 1972
43, 1945
44, 1789
45, 1744
46, 1949
47, 1946
48, 1641
49, 1607
50, 2135
51, 2136
52, 1956
53, 1965
54, 2122
55, 2135
56, 1852
57, 1707
58, 2057
59, 1999
60, 1927
61, 1847
62, 2039
63, 2012
64, 1742
65, 1679
66, 2376
67, 2264
68, 2065
69, 2034
70, 2246
71, 2223
72, 1907
73, 1876
74, 2315
75, 2232
76, 2075
77, 2027
78, 2216
79, 2217
80, 1896
81, 1906
82, 2553
83, 2476
84, 2230
85, 2216
86, 2343
87, 2343
88, 2043
89, 2046
90, 2382
91, 2381
92, 2201
93, 2173
94, 2426
95, 2335
96, 1916
97, 1905
98, 2599
99, 2553
100, 2343
