0, 315 1, 499 2, 239 3, 4632 4, 4129 5, 3203 6, 4697 7, 4541 8, 6180 9, 5854 10,
    7501 11, 7312 12, 7679 13, 7347 14, 8734 15, 8643 16, 8726 17, 8612 18,
    10239 19, 10005 20, 10174 21, 10096 22, 11601 23, 11198 24, 9885 25,
    9901 26, 12780 27, 12859 28, 11252 29, 11211 30, 12560 31, 12479 32,
    11352 33, 11098 34, 14170 35, 14154 36, 12668 37, 12622 38, 14137 39,
    14143 40, 12590 41, 12576 42, 16026 43, 15424 44, 13911 45, 13846 46,
    15368 47, 15631 48, 12576 49, 12471 50, 17239 51, 16751 52, 15354 53,
    15309 54, 16835 55, 16654 56, 13916 57, 13911 58, 16542 59, 16729 60,
    15500 61, 15529 62, 16988 63, 16568 64, 13777 65, 13946 66, 19843 67,
    19044 68, 17372 69, 16686 70, 18724 71, 18086 72, 15853 73, 15434 74,
    18067 75, 19390 76, 16933 77, 16834 78, 18102 79, 18419 80, 15227 81,
    15102 82, 19441 83, 19272 84, 18068 85, 18076 86, 19407 87, 19412 88,
    16493 89, 16628 90, 19394 91, 19187 92, 18128 93, 17876 94, 19250 95,
    19102 96, 15420 97, 15084 98, 20792 99, 20549 100, 19508 101, 19341 102,
    20618 103, 20750 104, 17914 105, 17775 106, 20713 107, 20602 108, 19197 109,
    19364 110, 21916 111, 20683 112, 16524 113, 16754 114, 20831 115, 20728 116,
    19893 117, 19272 118, 20844 119, 20729 120, 17686 121, 17910 122, 20522 123,
    20773 124, 19134 125, 18990 126, 21044 127, 20327 128, 16807 129, 16631 130,
    22473 131, 21858 132, 20670 133, 20617 134, 21959 135, 22079 136, 19362 137,
    19411 138, 22183 139, 22576 140, 20890 141, 20926 142, 22463 143, 30674 144,
    17880 145, 18612 146, 22557 147, 22393 148, 20517 149, 21147 150, 22583 151,
    22157 152, 19633 153, 19381 154, 22047 155, 21959 156, 20730 157, 20436 158,
    22737 159, 21852 160, 18035 161, 18436 162, 23966 163, 23312 164, 22191 165,
    22344 166, 23400 167, 23328 168, 20682 169, 20737 170, 23606 171, 23361 172,
    22021 173, 22164 174, 23355 175, 23225 176, 19194 177, 19634 178, 23491 179,
    23279 180, 22230 181, 22184 182, 23357 183, 23745 184, 20431 185, 20742 186,
    23253 187, 23173 188, 22260 189, 21796 190, 23203 191, 23702 192, 25664 193,
    17862 194, 24936 195, 24525 196, 23552 197, 23487 198, 24691 199, 24881 200,
    21995
