0, 52 1, 34 2, 111 3, 87 4, 75 5, 94 6, 103 7, 111 8, 123 9, 118 10, 127 11,
    135 12, 142 13, 151 14, 159 15, 193 16, 174 17, 184 18, 195 19, 199 20,
    206 21, 228 22, 237 23, 229 24, 243 25, 247 26, 260 27, 267 28, 275 29,
    279 30, 290 31, 294 32, 306 33, 311 34, 311 35, 327 36, 334 37, 343 38,
    356 39, 359 40, 368 41, 375 42, 385 43, 392 44, 399 45, 405 46, 531 47,
    421 48, 433 49, 507 50, 446 51, 453 52, 549 53, 639 54, 481 55, 487 56,
    488 57, 505 58, 596 59, 512 60, 522 61, 528 62, 537 63, 545 64, 547 65,
    558 66, 562 67, 572 68, 583 69, 683 70, 596 71, 605 72, 609 73, 705 74,
    696 75, 734 76, 640 77, 650 78, 654 79, 662 80, 670 81, 681 82, 1462 83,
    694 84, 699 85, 805 86, 977 87, 726 88, 887 89, 1193 90, 945 91, 877 92,
    1464 93, 1023 94, 1109 95, 817 96, 797 97, 901 98, 1277 99, 1203 100, 3485
