0, 132 1, 99 2, 230 3, 216 4, 229 5, 282 6, 252 7, 278 8, 209 9, 222 10, 256 11,
    283 12, 279 13, 297 14, 370 15, 331 16, 349 17, 380 18, 376 19, 416 20,
    389 21, 815 22, 445 23, 437 24, 455 25, 466 26, 638 27, 500 28, 512 29,
    667 30, 693 31, 2636 32, 1202 33, 585 34, 953 35, 864 36, 676 37, 649 38,
    858 39, 683 40, 702 41, 868 42, 989 43, 894 44, 1087 45, 775 46, 787 47,
    956 48, 818 49, 833 50, 845 51, 865 52, 880 53, 894 54, 911 55, 8666 56,
    937 57, 955 58, 970 59, 984 60, 1003 61, 1010 62, 1030 63, 1045 64, 1061 65,
    1077 66, 1088 67, 1114 68, 1126 69, 1278 70, 1149 71, 1247 72, 1181 73,
    1199 74, 1217 75, 1231 76, 1243 77, 1261 78, 1273 79, 1288 80, 1307 81,
    1316 82, 1334 83, 1347 84, 1364 85, 1383 86, 1396 87, 1412 88, 1425 89,
    1440 90, 1534 91, 1483 92, 1568 93, 1500 94, 1515 95, 1611 96, 1552 97,
    1649 98, 1580 99, 1592 100, 1608 101, 1625 102, 1641 103, 1664 104,
    1667 105, 1683 106, 1700 107, 1714 108, 1738 109, 1755 110, 1762 111,
    1772 112, 1791 113, 1894 114, 1822 115, 1838 116, 1851 117, 1865 118,
    1884 119, 1907 120, 1920 121, 1926 122, 1938 123, 1958 124, 1978 125,
    1996 126, 2092 127, 2096 128, 2035 129, 2059 130, 2071 131, 1557 132,
    1570 133, 1583 134, 1656 135, 1611 136, 1682 137, 1637 138, 1643 139,
    1655 140, 1720 141, 1734 142, 1743 143, 1696 144, 1709 145, 1727 146,
    1736 147, 1745 148, 1755 149, 1823 150, 1777 151, 1789 152, 1799 153,
    1938 154, 1817 155, 1836 156, 1846 157, 1862 158, 1874 159, 1944 160,
    1897 161, 1907 162, 1919 163, 1926 164, 1935 165, 1946 166, 2016 167,
    1976 168, 1986 169, 2004 170, 2013 171, 2023 172, 2033 173, 2041 174,
    2051 175, 2061 176, 2070 177, 2087 178, 2097 179, 2170 180, 2125 181,
    2196 182, 2147 183, 2157 184, 2170 185, 2176 186, 2186 187, 2314 188,
    2211 189, 2223 190, 1635 191, 1509 192, 1519 193, 1521 194, 1522 195,
    1570 196, 1577 197, 1547 198, 1552 199, 1561 200, 1568
