0, 134 1, 92 2, 286 3, 224 4, 270 5, 328 6, 336 7, 336 8, 365 9, 390 10, 426 11,
    459 12, 486 13, 517 14, 578 15, 604 16, 604 17, 625 18, 655 19, 686 20,
    717 21, 753 22, 786 23, 816 24, 842 25, 874 26, 910 27, 934 28, 964 29,
    990 30, 1026 31, 1067 32, 1106 33, 1140 34, 1171 35, 1199 36, 1225 37,
    1261 38, 1523 39, 1319 40, 1348 41, 1514 42, 1667 43, 1471 44, 1467 45,
    1496 46, 1531 47, 1556 48, 1580 49, 1610 50, 1648 51, 1674 52, 1703 53,
    1730 54, 1759 55, 1882 56, 1922 57, 1853 58, 1885 59, 1911 60, 1946 61,
    1970 62, 1998 63, 2170 64, 2049 65, 2273 66, 2108 67, 2161 68, 2417 69,
    2206 70, 2236 71, 3130 72, 2299 73, 2550 74, 2554 75, 2615 76, 2400 77,
    2431 78, 2461 79, 2493 80, 2530 81, 2794 82, 2794 83, 2614 84, 2646 85,
    2680 86, 2712 87, 2741 88, 2763 89, 2797 90, 2833 91, 2857 92, 2887 93,
    2918 94, 2957 95, 2972 96, 3275 97, 3073 98, 3069 99, 3087 100, 3115 101,
    3162 102, 3189 103, 3211 104, 3232 105, 3272 106, 3300 107, 3336 108,
    3356 109, 3581 110, 4174 111, 3445 112, 3489 113, 3507 114, 3536 115,
    3983 116, 3587 117, 3625 118, 3655 119, 3688 120, 3936 121, 3737 122,
    3776 123, 3799 124, 4451 125, 3853 126, 3882 127, 3916 128, 3949 129,
    3979 130, 4015 131, 4033 132, 4056 133, 4091 134, 4129 135, 4421 136,
    4225 137, 4247 138, 4266 139, 4260 140, 4299 141, 4338 142, 4356 143,
    4380 144, 4407 145, 4452 146, 4483 147, 4500 148, 4527 149, 4567 150,
    4604 151, 4629 152, 4654 153, 4685 154, 4704 155, 4743 156, 4771 157,
    4806 158, 4849 159, 4852 160, 4889 161, 4930 162, 4941 163, 4976 164,
    5016 165, 5047 166, 5794 167, 5098 168, 5151 169, 5160 170, 5180 171,
    5206 172, 5233 173, 5260 174, 5296 175, 5326 176, 5356 177, 5401 178,
    5423 179, 5450 180, 5461 181, 5506 182, 5536 183, 5583 184, 5600 185,
    5618 186, 5643 187, 5679 188, 5697 189, 5730 190, 5764 191, 5802 192,
    5841 193, 6110 194, 24077 195, 5949 196, 5935 197, 5978 198, 6002 199,
    6032 200, 6314 201, 6103 202, 6127 203, 6164 204, 6196 205, 6224 206,
    6248 207, 6280 208, 6289 209, 6572 210, 6378 211, 6401 212, 6881 213,
    6450 214, 6479 215, 6502 216, 6534 217, 6568 218, 6865 219, 6893 220,
    6698 221, 6734 222, 6733 223, 6757 224, 7028 225, 7298 226, 7078 227,
    7327 228, 7371 229, 7622 230, 6966 231, 4818 232, 4668 233, 4704 234,
    4866 235, 4723 236, 4761 237, 4936 238, 4789 239, 5133 240, 4829 241,
    4851 242, 5676 243, 4896 244, 4912 245, 4929 246, 4959 247, 5236 248,
    5581 249, 5176 250, 5022 251, 5048 252, 5078 253, 5238 254, 5105 255,
    5139 256, 5297 257, 5163 258, 5199 259, 5414 260, 5993 261, 5247 262,
    6479 263, 6925 264, 6191 265, 6334 266, 5495 267, 5674 268, 5848 269,
    6284 270, 5903 271, 6339 272, 6623 273, 5649 274, 5826 275, 5859 276,
    5900 277, 5731 278, 6206 279, 5589 280, 5636 281, 5634 282, 5878 283,
    6093 284, 6009 285, 5720 286, 5887 287, 7653 288, 5932 289, 5796 290,
    5826 291, 5828 292, 5860 293, 5878 294, 6051 295, 6088 296, 5923 297,
    6117 298, 6127 299, 5980 300, 6023
