0, 79
1, 64
2, 93
3, 80
4, 92
5, 97
6, 119
7, 111
8, 123
9, 131
10, 168
11, 184
12, 163
13, 173
14, 197
15, 191
16, 201
17, 213
18, 222
19, 231
20, 294
21, 255
22, 267
23, 286
24, 343
25, 300
26, 311
27, 319
28, 383
29, 340
30, 354
31, 414
32, 425
33, 378
34, 390
35, 398
36, 409
37, 420
38, 428
39, 439
40, 453
41, 462
42, 521
43, 484
44, 546
45, 559
46, 573
47, 580
48, 589
49, 602
50, 609
51, 622
52, 631
53, 640
54, 597
55, 605
56, 763
57, 690
58, 765
59, 713
60, 725
61, 729
62, 740
63, 815
64, 825
65, 776
66, 780
67, 791
68, 866
69, 902
70, 893
71, 887
72, 975
73, 920
74, 868
75, 946
76, 957
77, 904
78, 916
79, 924
80, 1000
81, 947
82, 1022
83, 969
84, 978
85, 996
86, 1070
87, 1013
88, 1084
89, 1164
90, 1107
91, 1123
92, 1132
93, 1145
94, 1152
95, 1165
96, 1177
97, 1189
98, 1199
99, 1150
100, 1301
101, 1162
102, 1244
103, 1249
104, 1208
105, 1275
106, 1291
107, 1280
108, 1340
109, 1258
110, 1335
111, 1346
112, 1357
113, 1299
114, 1312
115, 1383
116, 1400
117, 1344
118, 1342
119, 1372
120, 1383
121, 1451
122, 1525
123, 1477
124, 1428
125, 1494
126, 1553
127, 1456
128, 1470
129, 1543
130, 1549
131, 1494
132, 1569
133, 1523
134, 1579
135, 1639
136, 1544
137, 1634
138, 1635
139, 1780
140, 1660
141, 1617
142, 1615
143, 1634
144, 1638
145, 1723
146, 1724
147, 1669
148, 1683
149, 1704
150, 1754
151, 1772
152, 1914
153, 1804
154, 1753
155, 1761
156, 1843
157, 1787
158, 1858
159, 1921
160, 1822
161, 1893
162, 1884
163, 1852
164, 1868
165, 1880
166, 1892
167, 1962
168, 1969
169, 1971
170, 1919
171, 1941
172, 2018
173, 2025
174, 2057
175, 1987
176, 2001
177, 1996
178, 2026
179, 2091
180, 2041
181, 2119
182, 2125
183, 2077
184, 2140
185, 2166
186, 2168
187, 2208
188, 2243
189, 2207
190, 2149
191, 2289
192, 2178
193, 2270
194, 2276
195, 2214
196, 2220
197, 2288
198, 2244
199, 2252
200, 2281
201, 2659
202, 2290
203, 2427
204, 2426
205, 2377
206, 2341
207, 2356
208, 2343
209, 2700
210, 2439
211, 2449
212, 2695
213, 2395
214, 2485
215, 2490
216, 2509
217, 2454
218, 2463
219, 2474
220, 2530
221, 2490
222, 2505
223, 2520
224, 2525
225, 2611
226, 2548
227, 2567
228, 2636
229, 2618
230, 2711
231, 2611
232, 2691
233, 2673
234, 2715
235, 2777
236, 2687
237, 2671
238, 2751
239, 2768
240, 2778
241, 2825
242, 2788
243, 2745
244, 2835
245, 2828
246, 2921
247, 2835
248, 2797
249, 2872
250, 2874
251, 2848
252, 2952
253, 2922
254, 3197
255, 2952
256, 3132
257, 3067
258, 2985
259, 3329
260, 2929
261, 3040
262, 3180
263, 3029
264, 3204
265, 3143
266, 3045
267, 3134
268, 3015
269, 3091
270, 3129
271, 3037
272, 3189
273, 3135
274, 3391
275, 3480
276, 3158
277, 3120
278, 3181
279, 3338
280, 3351
281, 3183
282, 3260
283, 3363
284, 3315
285, 3210
286, 3375
287, 3303
288, 3297
289, 3451
290, 3328
291, 3316
292, 3407
293, 3291
294, 3388
295, 3378
296, 3456
297, 3564
298, 3447
299, 3354
300, 3484
301, 3561
302, 3461
303, 3406
304, 3525
305, 3521
306, 3434
307, 3511
308, 3459
309, 3516
310, 3574
311, 3822
312, 3682
313, 4011
314, 3525
315, 3606
316, 3611
317, 3641
318, 3582
319, 3638
320, 3655
321, 3681
322, 3671
323, 3697
324, 3689
325, 3712
326, 3714
327, 3677
328, 3739
329, 3749
330, 3769
331, 3720
332, 3723
333, 3789
334, 3809
335, 3759
336, 3761
337, 3783
338, 3848
339, 3875
340, 3871
341, 3896
342, 3834
343, 3905
344, 3930
345, 3985
346, 3943
347, 3894
348, 3905
349, 4173
350, 3986
351, 4095
352, 4008
353, 4017
354, 4041
355, 4034
356, 3992
357, 3996
358, 4135
359, 4026
360, 4090
361, 4058
362, 4169
363, 4071
364, 4143
365, 4087
366, 4171
367, 4101
368, 4128
369, 4136
370, 4208
371, 4283
372, 4292
373, 4249
374, 4257
375, 4252
376, 4274
377, 4337
378, 4315
379, 4370
380, 4280
381, 4408
382, 4355
383, 4436
384, 4355
385, 4319
386, 4485
387, 4373
388, 4433
389, 4436
390, 4665
391, 4439
392, 4731
393, 4466
394, 4472
395, 4648
396, 4677
397, 4569
398, 4560
399, 4917
400, 4931
401, 4684
402, 4554
403, 4714
404, 4702
405, 4672
406, 4714
407, 4561
408, 4625
409, 4921
410, 4616
411, 4780
412, 4729
413, 5043
414, 4868
415, 4875
416, 4773
417, 5059
418, 4909
419, 5772
420, 4823
421, 4766
422, 4909
423, 4868
424, 4791
425, 4751
426, 4896
427, 4957
428, 4842
429, 4801
430, 4820
431, 4932
432, 4890
433, 5025
434, 4915
435, 4995
436, 5053
437, 4947
438, 4913
439, 4898
440, 4996
441, 4937
442, 5095
443, 4964
444, 4965
445, 5106
446, 5047
447, 5036
448, 4993
449, 5020
450, 5034
451, 5062
452, 7948
453, 5052
454, 5103
455, 5083
456, 5209
457, 5116
458, 5236
459, 5139
460, 5150
461, 5211
462, 5282
463, 5245
464, 5234
465, 5194
466, 5270
467, 5263
468, 5243
469, 5242
470, 5248
471, 5269
472, 5269
473, 5348
474, 5364
475, 5298
476, 5325
477, 5577
478, 5330
479, 5423
480, 5366
481, 5426
482, 5405
483, 5463
484, 5464
485, 5494
486, 5487
487, 5434
488, 5839
489, 5510
490, 5601
491, 5489
492, 5545
493, 5507
494, 5522
495, 5509
496, 5615
497, 5647
498, 5615
499, 5653
500, 5577
