0, 352
1, 83
2, 42
3, 3601
4, 3561
5, 3531
6, 3506
7, 3597
8, 4809
9, 4881
10, 4876
11, 4977
12, 4812
13, 4890
14, 4910
15, 4918
16, 6129
17, 6132
18, 6146
19, 6267
20, 6122
21, 6176
22, 6217
23, 6233
24, 6118
25, 6233
26, 6133
27, 6210
28, 6179
29, 6215
30, 6207
31, 6200
32, 7525
33, 7431
34, 7544
35, 7494
36, 7445
37, 7432
38, 7571
39, 7495
40, 7520
41, 7517
42, 7439
43, 7535
44, 7512
45, 7526
46, 7626
47, 7546
48, 7443
49, 7645
50, 7487
51, 7515
52, 7504
53, 7457
54, 7488
55, 7517
56, 7488
57, 7500
58, 7505
59, 7504
60, 7493
61, 7536
62, 7510
63, 7492
64, 8702
65, 8729
66, 8760
67, 8816
68, 8731
69, 8726
70, 8876
71, 8789
72, 8735
73, 8812
74, 8732
75, 8894
76, 8762
77, 8800
78, 8804
79, 8795
80, 8713
81, 8828
82, 8782
83, 8841
84, 8713
85, 8820
86, 8901
87, 8841
88, 8770
89, 8799
90, 8786
91, 8833
92, 8783
93, 8855
94, 8861
95, 8934
96, 19017
97, 33256
98, 29489
99, 9864
100, 9022
101, 9663
102, 9552
103, 9563
104, 9878
105, 22255
106, 9569
107, 32980
108, 22255
109, 9564
110, 9203
111, 9643
112, 49275
113, 32326
114, 32305
115, 9691
116, 9868
117, 22732
118, 10134
119, 10219
120, 25660
121, 9645
122, 11308
123, 9786
124, 9890
125, 18611
126, 45440
127, 31089
128, 11304
129, 11266
130, 11241
131, 11371
132, 11351
133, 11162
134, 11137
135, 15662
136, 49083
137, 34661
138, 11296
139, 11228
140, 11267
141, 11187
142, 11242
143, 11306
144, 11119
145, 11153
146, 35155
147, 35966
148, 29666
149, 11584
150, 11559
151, 11429
152, 11059
153, 11356
154, 11192
155, 11291
156, 33268
157, 36451
158, 19384
159, 11187
160, 11269
161, 11272
162, 11266
163, 11265
164, 11054
165, 11279
166, 11140
167, 36052
168, 35290
169, 15460
170, 11357
171, 11361
172, 11560
173, 11354
174, 11131
175, 11181
176, 11216
177, 14582
178, 36294
179, 37656
180, 11294
181, 10998
182, 11130
183, 11075
184, 11253
185, 11616
186, 11326
187, 11296
188, 30036
189, 35915
190, 19820
191, 11486
192, 11362
193, 11618
194, 11184
195, 10844
196, 11445
197, 11539
198, 11221
199, 37218
200, 36216
201, 11749
202, 11576
203, 11224
204, 11177
205, 11171
206, 11210
207, 11411
208, 11546
209, 37116
210, 37151
211, 11407
212, 11307
213, 11220
214, 10962
215, 11172
216, 11299
217, 11133
218, 11084
219, 26777
220, 36032
221, 24138
222, 11463
223, 11466
224, 11183
225, 11051
226, 11201
227, 11236
228, 11156
229, 11190
230, 37120
231, 36894
232, 11164
233, 11279
234, 11275
235, 11239
236, 11313
237, 11306
238, 11256
239, 11268
240, 36066
241, 48744
242, 27963
243, 11226
244, 11230
245, 11247
246, 11207
247, 11620
248, 11322
249, 12489
250, 50826
251, 35088
252, 11317
253, 11368
254, 11578
255, 11113
256, 12988
257, 12876
258, 12655
259, 35404
260, 39329
261, 28416
262, 12627
263, 13228
264, 12683
265, 12514
266, 12417
267, 12671
268, 25330
269, 54203
270, 34650
271, 13016
272, 12424
273, 12647
274, 12991
275, 12462
276, 12627
277, 24377
278, 55791
279, 36946
280, 12863
281, 12984
282, 13076
283, 12734
284, 12906
285, 12690
286, 41591
287, 42770
288, 12746
289, 12795
290, 12843
291, 12746
292, 12761
293, 12794
294, 12639
295, 34119
296, 42364
297, 13495
298, 13240
299, 12829
300, 12800
301, 12769
302, 12806
303, 13052
304, 23550
305, 40445
306, 25376
307, 12965
308, 12560
309, 12838
310, 13150
311, 12872
312, 12795
313, 13164
314, 41524
315, 37991
316, 12765
317, 12785
318, 12710
319, 12622
320, 12767
321, 12898
322, 13116
323, 36708
324, 40918
325, 12791
326, 13046
327, 12574
328, 12669
329, 12758
330, 12683
331, 12814
332, 14519
333, 42135
334, 31656
335, 13183
336, 12742
337, 12720
338, 12918
339, 12588
340, 12241
341, 12164
342, 27656
343, 35242
344, 22930
345, 12474
346, 13860
347, 12237
348, 12191
349, 12828
350, 12152
351, 24329
352, 43964
353, 20092
354, 12185
355, 13226
356, 12176
357, 12705
358, 12144
359, 12873
360, 16764
361, 42424
362, 27118
363, 12270
364, 12195
365, 13227
366, 12168
367, 13009
368, 12269
369, 12995
370, 44105
371, 45887
372, 12693
373, 13379
374, 14578
375, 13415
376, 12572
377, 13122
378, 14512
379, 42754
380, 27487
381, 12544
382, 12690
383, 13216
384, 12475
385, 12459
386, 13253
387, 12386
388, 49406
389, 39238
390, 12515
391, 12876
392, 12430
393, 12499
394, 12658
395, 13554
396, 13168
397, 43834
398, 29024
399, 12527
400, 12407
401, 13420
402, 12403
403, 13253
404, 12365
405, 17085
406, 43434
407, 23253
408, 12486
409, 12435
410, 13146
411, 12413
412, 12478
413, 13338
414, 12396
415, 46509
416, 37551
417, 12382
418, 13369
419, 12424
420, 12647
421, 13235
422, 12418
423, 12805
424, 42169
425, 35404
426, 12498
427, 13271
428, 12500
429, 12444
430, 13422
431, 12375
432, 13079
433, 45664
434, 34295
435, 12558
436, 13331
437, 12423
438, 12877
439, 13122
440, 12343
441, 12451
442, 43697
443, 31953
444, 12576
445, 13160
446, 12408
447, 13102
448, 12415
449, 12407
450, 25705
451, 45455
452, 12879
453, 12456
454, 12959
455, 12430
456, 12629
457, 13085
458, 12701
459, 39598
460, 43186
461, 12583
462, 13380
463, 12482
464, 12483
465, 13292
466, 12404
467, 15184
468, 42009
469, 24580
470, 12408
471, 13623
472, 12442
473, 13253
474, 12394
475, 12428
476, 42979
477, 37888
478, 12532
479, 13434
480, 12461
481, 12438
482, 13265
483, 12421
484, 20027
485, 42448
486, 20654
487, 12528
488, 12468
489, 13264
490, 12386
491, 13105
492, 12438
493, 15967
494, 43056
495, 24334
496, 12456
497, 12423
498, 12691
499, 13363
500, 12474
501, 13115
502, 34116
503, 45147
504, 12516
505, 13313
506, 12417
507, 12486
508, 12502
509, 13156
510, 17385
511, 45752
512, 23302
513, 13895
514, 13840
515, 14522
516, 13733
517, 13769
518, 13792
519, 48095
520, 35910
521, 14119
522, 14147
523, 14807
524, 14075
525, 13848
526, 13758
527, 49743
528, 27101
529, 13850
530, 13761
531, 13876
532, 13792
533, 13791
534, 14503
535, 46574
536, 27976
537, 13727
538, 13816
539, 14824
540, 13798
541, 13813
542, 13830
543, 47697
544, 30661
545, 13753
546, 13827
547, 13945
548, 13932
549, 13747
550, 13905
551, 47774
552, 41383
553, 13907
554, 13894
555, 13988
556, 14005
557, 14007
558, 14000
559, 46532
560, 45242
561, 14044
562, 13925
563, 13889
564, 14097
565, 14955
566, 13873
567, 52794
568, 41449
569, 14037
570, 13854
571, 13857
572, 13941
573, 14727
574, 13855
575, 47943
576, 27637
577, 13983
578, 13864
579, 13837
580, 14690
581, 13850
582, 13921
583, 13872
584, 49298
585, 26279
586, 14063
587, 14837
588, 13836
589, 13856
590, 13930
591, 39636
592, 49797
593, 14644
594, 13895
595, 13911
596, 13860
597, 13888
598, 14579
599, 50821
600, 37609
601, 13942
602, 13921
603, 13854
604, 13918
605, 13881
606, 13919
607, 59387
608, 49898
609, 13896
610, 14560
611, 13892
612, 13974
613, 13839
614, 45622
615, 46601
616, 14868
617, 13894
618, 13840
619, 13895
620, 13903
621, 13918
622, 46504
623, 34739
624, 14037
625, 13940
626, 14857
627, 13930
628, 13921
629, 13908
630, 47256
631, 30909
632, 13953
633, 14002
634, 13861
635, 14900
636, 25402
637, 45128
638, 13954
639, 13988
640, 13908
641, 14789
642, 13854
643, 13848
644, 21191
645, 49578
646, 14099
647, 14026
648, 14218
649, 14337
650, 14126
651, 14203
652, 28750
653, 52221
654, 13911
655, 13980
656, 13886
657, 14023
658, 14854
659, 14046
660, 35592
661, 50635
662, 14228
663, 14046
664, 13991
665, 14747
666, 13898
667, 14714
668, 47861
669, 35374
670, 13921
671, 14126
672, 14621
673, 14024
674, 13905
675, 24233
676, 51502
677, 14906
678, 13917
679, 13922
680, 13855
681, 14048
682, 13828
683, 13900
684, 47156
685, 23129
686, 13835
687, 13913
688, 13887
689, 14040
690, 13874
691, 25590
692, 44042
693, 14254
694, 13855
695, 13941
696, 13990
697, 14013
698, 13885
699, 48995
700, 39223
701, 14057
702, 13976
703, 13972
704, 13821
705, 13966
706, 13914
707, 44355
708, 29653
709, 15038
710, 13840
711, 13949
712, 13984
713, 13985
714, 40769
715, 44498
716, 13961
717, 13940
718, 13901
719, 14061
720, 13886
721, 14242
722, 48698
723, 26222
724, 13963
725, 13968
726, 13912
727, 14233
728, 13896
729, 13960
730, 49719
731, 16659
732, 13874
733, 13888
734, 13913
735, 13969
736, 14002
737, 38158
738, 47489
739, 14202
740, 14296
741, 14307
742, 14247
743, 14235
744, 14454
745, 48307
746, 22963
747, 14357
748, 14463
749, 14399
750, 14273
751, 14323
752, 50454
753, 37051
754, 14330
755, 14273
756, 29575
757, 14713
758, 14246
759, 23919
760, 46056
761, 14466
762, 14362
763, 14289
764, 15097
765, 14292
766, 14472
767, 49242
768, 21485
769, 14200
770, 14145
771, 14226
772, 14158
773, 14172
774, 32463
775, 49527
776, 15437
777, 14236
778, 14217
779, 14235
780, 14176
781, 14191
782, 47356
783, 19110
784, 14235
785, 14374
786, 14201
787, 14192
788, 14154
789, 46536
790, 30697
791, 14262
792, 14179
793, 14220
794, 14344
795, 14320
796, 35567
797, 50771
798, 14481
799, 14396
800, 14229
801, 14182
802, 14211
803, 30772
804, 47532
805, 14297
806, 14192
807, 14234
808, 14191
809, 14239
810, 14243
811, 47734
812, 28592
813, 14325
814, 14395
815, 14260
816, 15262
817, 14439
818, 45783
819, 41144
820, 14336
821, 14214
822, 14192
823, 14169
824, 14223
825, 29750
826, 51678
827, 15355
828, 14270
829, 14231
830, 14253
831, 14346
832, 15190
833, 46230
834, 15300
835, 14298
836, 14278
837, 14267
838, 14205
839, 15915
840, 50524
841, 14807
842, 14192
843, 14220
844, 14166
845, 14188
846, 14910
847, 49817
848, 30201
849, 14709
850, 14816
851, 14372
852, 14257
853, 14348
854, 46471
855, 32796
856, 14202
857, 14323
858, 14387
859, 14477
860, 14618
861, 43831
862, 37442
863, 14622
864, 14234
865, 14254
866, 14236
867, 14299
868, 26752
869, 52464
870, 15293
871, 14713
872, 14177
873, 14147
874, 14265
875, 34625
876, 54030
877, 15211
878, 14352
879, 14273
880, 14214
881, 14258
882, 24586
883, 46859
884, 14434
885, 14297
886, 14254
887, 14447
888, 14347
889, 30328
890, 49191
891, 14409
892, 14292
893, 14414
894, 14457
895, 14480
896, 48249
897, 36499
898, 14248
899, 14359
900, 14490
901, 15346
902, 14292
903, 51416
904, 28953
905, 14189
906, 14213
907, 14251
908, 14280
909, 14231
910, 45334
911, 28867
912, 14214
913, 14182
914, 14201
915, 14260
916, 15380
917, 48139
918, 34654
919, 14834
920, 14436
921, 14359
922, 14318
923, 14280
924, 48072
925, 29977
926, 14776
927, 14608
928, 14309
929, 14243
930, 14345
931, 46251
932, 28369
933, 14293
934, 14269
935, 14534
936, 14307
937, 14258
938, 49711
939, 27751
940, 14471
941, 14627
942, 14791
943, 15281
944, 14322
945, 48776
946, 21112
947, 14450
948, 14196
949, 14190
950, 14347
951, 15028
952, 51723
953, 15096
954, 14302
955, 14247
956, 14326
957, 14350
958, 17426
959, 49726
960, 14376
961, 14249
962, 14333
963, 14239
964, 14450
965, 14456
966, 48187
967, 14784
968, 14477
969, 14392
970, 14415
971, 14351
972, 23767
973, 49879
974, 14474
975, 14230
976, 14208
977, 14281
978, 14272
979, 47052
980, 37168
981, 15134
982, 14466
983, 16545
984, 14642
985, 25894
986, 47433
987, 14360
988, 14237
989, 14430
990, 14292
991, 14321
992, 25917
993, 46335
994, 14550
995, 14396
996, 14318
997, 14336
998, 14278
999, 50392
1000, 33900
